# SVM Emotion Classification Model
# Weights (w): 13 features
WEIGHTS:
-0.6002589049963449
1.2148341370897011
-4.89379072943668
1.639016850668512
-2.2860876865861357
0.8582959368737529
1.6780075508939567
-1.469080650055695
1.33507776514945
2.066429478238863
-3.228126556270225
-0.9768538229908159
3.264150234830474
BIAS:
1.205999999999978
SCALING_STATS:
200.51277777777779,3582.768472222222
29.38905325443787,153.65680473372782
-3.8903250129810503,4.637196789638228
-1.7988083689286976,27.77760502423682
12.331692088773588,86.74301680402677
-0.966796875,0.986328125
0.23333333333333334,0.9888888888888889
0.00035948216213846736,0.43407118327055483
10.984375,255.0
0.0,254.78125
23.0703125,252.02734375
21.875,251.640625
5.042673746744792,22320.071093241375
